0.5446390121002869 -0.2868422599178269 0.7880925481335661 -2.700000047683716 -0.8386705828264278 -0.18627746455996208 0.5117932782859618 -2.0 -5.884937798183998e-08 -0.939692622149576 -0.34202013957901767 1.0 0.0 0.0 0.0 1.0
0.5877852345881736 -0.2767000592580144 0.7602273312679158 -2.4000000953674316 -0.8090170072378737 -0.20103436011688602 0.5523374584909743 -2.0 7.589939621244213e-09 -0.9396926429737577 -0.34202008236504833 1.0 0.0 0.0 0.0 1.0
0.6293204070523363 -0.2657995999534882 0.7302783016987753 -2.0999999046325684 -0.777145948498402 -0.21524031905661234 0.5913677196000191 -2.0 3.136267379133528e-08 -0.9396925974577928 -0.3420202074191314 1.0 0.0 0.0 0.0 1.0
0.6691305631693448 -0.2541705342425792 0.6983277374954522 -1.7999999523162842 -0.7431448643654044 -0.22885614470846982 0.628777047606304 -2.0 -4.3633683333155204e-09 -0.9396926117364218 -0.34202016818892744 1.0 0.0 0.0 0.0 1.0
0.7071067509419706 -0.24184473696763736 0.6644630659211573 -1.5 -0.7071068114311225 -0.24184467826763933 0.664463022914995 -2.0 -2.8603166724039397e-08 -0.9396926491117596 -0.34202006550102126 1.0 0.0 0.0 0.0 1.0
0.7431447676050607 -0.2288561440790672 0.6287771621953852 -1.2000000476837158 -0.6691306706325879 -0.2541703684936667 0.6983276948529089 -2.0 -6.053205725553568e-08 -0.9396926567218962 -0.34202004459233315 1.0 0.0 0.0 0.0 1.0
0.7771459862006803 -0.21524028457026037 0.5913676826055727 -0.8999999761581421 -0.629320360493899 -0.26579958695266215 0.7302783465526165 -2.0 -3.3353770134691985e-08 -0.9396926090344159 -0.34202017561262577 1.0 0.0 0.0 0.0 1.0
0.8090170073853218 -0.20103439225046468 0.5523374465793391 -0.6000000238418579 -0.5877852343852283 -0.276700094663217 0.7602273185383884 -2.0 -1.3200022519477272e-08 -0.9396926256738704 -0.34202012989610253 1.0 0.0 0.0 0.0 1.0
0.8386705692818851 -0.18627755479570035 0.5117932676381487 -0.30000001192092896 -0.5446390329570576 -0.2868422813422331 0.7880925259219151 -2.0 -2.1657881044134797e-10 -0.9396925977221051 -0.34202020669294075 1.0 0.0 0.0 0.0 1.0
0.8660253707992437 -0.1710100514551718 0.4698463785465755 0.0 -0.5000000571320292 -0.29619805889582085 0.8137976731192558 -2.0 3.350503707810759e-09 -0.9396926477352301 -0.34202006928300666 1.0 0.0 0.0 0.0 1.0
0.8910065311253537 -0.15527390130168497 0.4266115060174993 0.10000000149011612 -0.4539904861249453 -0.30474217993201447 0.8372722629338198 -2.0 -1.0389571952762466e-08 -0.9396926196075173 -0.3420201465632713 1.0 0.0 0.0 0.0 1.0
0.9135454460028107 -0.13911214034303643 0.382207444324028 0.20000000298023224 -0.40673666921919527 -0.312450904415815 0.8584519289058732 -2.0 -2.3558204415019546e-08 -0.9396926331194253 -0.34202010943960715 1.0 0.0 0.0 0.0 1.0
0.9335804058739949 -0.12256905949029999 0.3367557741506599 0.30000001192092896 -0.35836800327058604 -0.31930322846318293 0.8772786458844426 -2.0 -1.2647055847025968e-08 -0.9396926486615991 -0.3420200667378277 1.0 0.0 0.0 0.0 1.0
0.951056499989849 -0.10569007760788907 0.29038102782774344 0.4000000059604645 -0.30901704455751033 -0.3252805510981449 0.893700749272501 -2.0 -7.885851971423108e-10 -0.9396925936563117 -0.3420202178636147 1.0 0.0 0.0 0.0 1.0
0.9659258292675424 -0.08852133748528747 0.2432103311202597 0.5 -0.25881903398670375 -0.330366154887177 0.9076733505789687 -2.0 2.9280347174642785e-09 -0.9396925968181711 -0.3420202091764788 1.0 0.0 0.0 0.0 1.0
0.9781476083089118 -0.07110998231644208 0.19537304515851467 0.6000000238418579 -0.20791165517968332 -0.3345462850594989 0.9191580532168193 -2.0 1.3548279415021014e-08 -0.9396925846083091 -0.34202024272278964 1.0 0.0 0.0 0.0 1.0
0.9876883467383794 -0.05350372466771185 0.1470002760673894 0.699999988079071 -0.15643442625332427 -0.3378092108835531 0.9281234871098909 -2.0 -1.6253974874369526e-08 -0.9396926563983099 -0.34202004548138243 1.0 0.0 0.0 0.0 1.0
0.9945218912966658 -0.03575083928244412 0.09822466707657386 0.800000011920929 -0.1045285020064041 -0.3401464752804433 0.9345448986659698 -2.0 9.817256493849236e-09 -0.9396926374325231 -0.3420200975894667 1.0 0.0 0.0 0.0 1.0
0.9986295362311378 -0.017899935610376467 0.049179687594848864 0.8999999761581421 -0.052335928068417345 -0.3415513198757807 0.9384048414859814 -2.0 9.70034590846991e-10 -0.9396926562425911 -0.34202004590921775 1.0 0.0 0.0 0.0 1.0
1.0 0.0 0.0 1.0 0.0 -0.3420202274252553 0.9396925901761578 -2.0 0.0 -0.9396925901761578 -0.3420202274252553 1.0 0.0 0.0 0.0 1.0
0.9876883379531688 -0.07101975268419891 0.13938415189677109 1.0 -0.15643448172096294 -0.4484011666535028 0.880036730297362 -1.7999999523162842 2.5384791491056546e-08 -0.8910065030472298 -0.4539905412313636 1.2000000476837158 0.0 0.0 0.0 1.0
0.9510565244984416 -0.17280009440334843 0.2561866791680221 1.0 -0.3090169691278219 -0.5318240584663823 0.788461592994485 -1.600000023841858 1.7373009697507769e-09 -0.8290375734612637 -0.5591929021272177 1.399999976158142 0.0 0.0 0.0 1.0
0.8910065242657008 -0.29784458912427175 0.3426309595546627 1.0 -0.4539904995877719 -0.5845528833350917 0.6724511527751855 -1.399999976158142 -2.1976920727695415e-08 -0.7547095648751407 -0.6560590466459366 1.600000023841858 0.0 0.0 0.0 1.0
0.8090169324459899 -0.43680960721889345 0.3933051869184495 1.0 -0.5877853375303608 -0.6012166911974044 0.5413380526158904 -1.2000000476837158 -1.902590088254108e-08 -0.6691306727888959 -0.7431447656635137 1.7999999523162842 0.0 0.0 0.0 1.0
0.7071067050103264 -0.5792280329332294 0.40557982394806213 1.0 -0.70710685736276 -0.5792278874636076 0.40557976608184965 -1.0 -2.548181121664328e-08 -0.5735764467346514 -0.8191520370183127 2.0 0.0 0.0 0.0 1.0
0.5877852112701616 -0.7143196157779099 0.379810521085173 1.0 -0.8090170241793997 -0.5189835296414038 0.27594845632628356 -0.800000011920929 9.530225664189373e-09 -0.46947159922177334 -0.8829475734856236 2.200000047683716 0.0 0.0 0.0 1.0
0.45399055979571745 -0.831826220552179 0.3193081746812142 1.0 -0.8910064935882177 -0.4238367081358896 0.16269564597788772 -0.6000000238418579 2.134368373707396e-08 -0.3583679444905899 -0.9335804284375229 2.4000000953674316 0.0 0.0 0.0 1.0
0.30901694527799717 -0.9228060739189354 0.23008145833459842 1.0 -0.9510565322477182 -0.2998378185680959 0.0747579763320966 -0.4000000059604645 7.926865469576327e-09 -0.24192195537951036 -0.9702957113712056 2.5999999046325684 0.0 0.0 0.0 1.0
0.15643448540245697 -0.9803262590862296 0.1203689225791588 1.0 -0.987688337370078 -0.15526844613644064 0.019064570740168728 -0.20000000298023224 -3.742810915363659e-09 -0.12186933732639399 -0.9925461523876997 2.799999952316284 0.0 0.0 0.0 1.0
2.220446049250313e-16 -0.9999999999999998 0.0 1.0 -0.9999999999999998 2.220446049250313e-16 -0.0 0.0 0.0 0.0 -0.9999999999999996 3.0 0.0 0.0 0.0 1.0
0.0 -0.9981347987202357 0.06104853465657127 1.0 -1.0 0.0 0.0 0.0 0.0 -0.06104853465657127 -0.9981347987202358 3.0 0.0 0.0 0.0 1.0
-4.440892098500626e-16 -0.9925461542369455 0.12186932226549069 1.0 -1.0000000000000002 2.220446049250313e-16 -2.0816681711721685e-17 0.0 -2.0816681711721685e-17 -0.12186932226549069 -0.9925461542369456 3.0 0.0 0.0 0.0 1.0
0.0 -0.9832549114680886 0.1822355044273245 1.0 -1.0 0.0 0.0 0.0 0.0 -0.1822355044273245 -0.9832549114680886 3.0 0.0 0.0 0.0 1.0
1.1102230246251565e-16 -0.9702957272335712 0.2419218917590452 1.0 -0.9999999999999999 1.1102230246251565e-16 0.0 0.0 0.0 -0.2419218917590452 -0.970295727233571 3.0 0.0 0.0 0.0 1.0
8.331264667038596e-08 -0.9537169726093526 0.3007057301696201 1.0 -0.9999999999999964 -8.331264655936366e-08 1.2823039657883228e-08 0.0 1.2823039657883228e-08 -0.3007057301696201 -0.9537169726093562 3.0 0.0 0.0 0.0 1.0
-8.288219022212218e-08 -0.9335804212510727 0.35836796321192343 1.0 -0.9999999999999963 8.288219044416678e-08 -1.5361306643368877e-08 0.0 -1.5361306643368877e-08 -0.35836796321192343 -0.9335804212510763 3.0 0.0 0.0 0.0 1.0
-8.237442195024869e-08 -0.9099612771762534 0.4146932288327778 1.0 -0.9999999999999963 8.23744222833156e-08 -1.7885239622650317e-08 0.0 -1.7885239622650317e-08 -0.4146932288327778 -0.9099612771762569 3.0 0.0 0.0 0.0 1.0
0.0 -0.8829475899891799 0.4694715681830998 1.0 -1.0 0.0 0.0 0.0 0.0 -0.4694715681830998 -0.8829475899891799 3.0 0.0 0.0 0.0 1.0
1.1102230246251565e-16 -0.8526401574144357 0.5224985760404388 1.0 -0.9999999999999999 1.1102230246251565e-16 0.0 0.0 0.0 -0.5224985760404388 -0.8526401574144356 3.0 0.0 0.0 0.0 1.0
-8.039232568535226e-08 -0.8191520331270514 0.5735764522919431 1.0 -0.9999999999999964 8.039232568535226e-08 -2.534760379369061e-08 0.0 -2.534760379369061e-08 -0.5735764522919431 -0.8191520331270548 3.0 0.0 0.0 0.0 1.0
0.10452850925949986 -0.814664637689112 0.5704343247481295 1.0 -0.9945218905343343 -0.08562474724960234 0.05995508240720826 0.0 9.392167044097732e-09 -0.5735764384607421 -0.8191520428117665 3.0 0.0 0.0 0.0 1.0
0.20791170072231568 -0.801251555411222 0.5610424847138153 1.0 -0.9781475986285267 -0.17031129895921793 0.11925324626218886 0.0 2.5287500760029502e-08 -0.5735765043984293 -0.8191519966416965 3.0 0.0 0.0 0.0 1.0
0.30901706525124506 -0.7790599100031644 0.5455035380356107 1.0 -0.9510564932660454 -0.2531319799205063 0.17724487963835966 0.0 1.0657013271853089e-08 -0.5735763744850249 -0.8191520876080425 3.0 0.0 0.0 0.0 1.0
0.4067366537552084 -0.7483326311612951 0.5239881369184123 1.0 -0.9135454528878219 -0.3331791716886443 0.23329454571603972 0.0 1.2201889498797414e-08 -0.5735764227128605 -0.8191520538385522 3.0 0.0 0.0 0.0 1.0
0.5000000185095361 -0.7094064733740102 0.49673175560408167 1.0 -0.8660253930979527 -0.4095760371791375 0.28678822897422107 0.0 -2.1204246969386276e-09 -0.5735764337066885 -0.8191520461405908 3.0 0.0 0.0 0.0 1.0
0.5877852874153671 -0.6627079058966254 0.4640330670977487 1.0 -0.8090169688566702 -0.48148551774615456 0.33713979341318245 0.0 -4.924375462955766e-09 -0.5735764357632094 -0.8191520447005998 3.0 0.0 0.0 0.0 1.0
0.6691306263420165 -0.6087485974975879 0.4262503371680316 1.0 -0.7431448074844766 -0.5481197538875042 0.38379751237750676 0.0 3.2520136777902664e-08 -0.573576394600599 -0.8191520735229676 3.0 0.0 0.0 0.0 1.0
0.7431448754469225 -0.5481196787914795 0.383797488030476 1.0 -0.6691305508620704 -0.6087486794831538 0.4262503385694122 0.0 1.536607815988411e-08 -0.5735763793506856 -0.8191520842010707 3.0 0.0 0.0 0.0 1.0
0.8090170343960427 -0.48148546595133807 0.3371397101123734 1.0 -0.5877851972081571 -0.6627079935963767 0.46403305611392875 0.0 8.610396728947478e-09 -0.5735763779141254 -0.8191520852069609 3.0 0.0 0.0 0.0 1.0
0.8660253637978483 -0.4095760902590667 0.28678824164686634 1.0 -0.5000000692587997 -0.7094064571219842 0.49673172773120705 0.0 -8.500832066049568e-09 -0.5735764159043949 -0.8191520586058907 3.0 0.0 0.0 0.0 1.0
0.9135454291415553 -0.333179185699141 0.2332946186936784 1.0 -0.40673670709019033 -0.7483325818202493 0.5239881659843746 0.0 1.3873150683796354e-08 -0.5735764789486204 -0.8191520144618474 3.0 0.0 0.0 0.0 1.0
0.9510565201968875 -0.2531318995815624 0.17724484986937483 1.0 -0.30901698236664504 -0.7790599098918567 0.545503585147069 0.0 -1.968799373530672e-09 -0.5735764100915611 -0.8191520626760809 3.0 0.0 0.0 0.0 1.0
0.9781476052725905 -0.17031127682088862 0.11925322338257881 1.0 -0.20791166946445402 -0.8012516867688069 0.5610423086993038 0.0 1.4442791046453962e-08 -0.5735763274733189 -0.819152120525986 3.0 0.0 0.0 0.0 1.0
0.9945219045457767 -0.08562465368107375 0.059954983618020985 1.0 -0.1045283759494991 -0.8146646624392375 0.5704343138294917 0.0 -3.4078726084130206e-08 -0.57357641727564 -0.8191520576457336 3.0 0.0 0.0 0.0 1.0
1.0 0.0 0.0 1.0 0.0 -0.8191519830361442 0.5735765238291682 0.0 0.0 -0.5735765238291682 -0.8191519830361442 3.0 0.0 0.0 0.0 1.0
0.9945219045457767 0.08562465368107375 -0.059954983618020985 1.0 0.1045283759494991 -0.8146646624392375 0.5704343138294917 0.0 3.4078726084130206e-08 -0.57357641727564 -0.8191520576457336 3.0 0.0 0.0 0.0 1.0
0.9781476052725905 0.17031127682088862 -0.11925322338257881 1.0 0.20791166946445402 -0.8012516867688069 0.5610423086993038 0.0 -1.4442791046453962e-08 -0.5735763274733189 -0.819152120525986 3.0 0.0 0.0 0.0 1.0
0.9510565201968875 0.2531318995815624 -0.17724484986937483 1.0 0.30901698236664504 -0.7790599098918567 0.545503585147069 0.0 1.968799373530672e-09 -0.5735764100915611 -0.8191520626760809 3.0 0.0 0.0 0.0 1.0
0.9135454291415553 0.333179185699141 -0.2332946186936784 1.0 0.40673670709019033 -0.7483325818202493 0.5239881659843746 0.0 -1.3873150683796354e-08 -0.5735764789486204 -0.8191520144618474 3.0 0.0 0.0 0.0 1.0
0.8660253637978483 0.4095760902590667 -0.28678824164686634 1.0 0.5000000692587997 -0.7094064571219842 0.49673172773120705 0.0 8.500832066049568e-09 -0.5735764159043949 -0.8191520586058907 3.0 0.0 0.0 0.0 1.0
0.8090170343960427 0.48148546595133807 -0.3371397101123734 1.0 0.5877851972081571 -0.6627079935963767 0.46403305611392875 0.0 -8.610396728947478e-09 -0.5735763779141254 -0.8191520852069609 3.0 0.0 0.0 0.0 1.0
0.7431448754469225 0.5481196787914795 -0.383797488030476 1.0 0.6691305508620704 -0.6087486794831538 0.4262503385694122 0.0 -1.536607815988411e-08 -0.5735763793506856 -0.8191520842010707 3.0 0.0 0.0 0.0 1.0
0.6691306263420165 0.6087485974975879 -0.4262503371680316 1.0 0.7431448074844766 -0.5481197538875042 0.38379751237750676 0.0 -3.2520136777902664e-08 -0.573576394600599 -0.8191520735229676 3.0 0.0 0.0 0.0 1.0
0.5877852874153671 0.6627079058966254 -0.4640330670977487 1.0 0.8090169688566702 -0.48148551774615456 0.33713979341318245 0.0 4.924375462955766e-09 -0.5735764357632094 -0.8191520447005998 3.0 0.0 0.0 0.0 1.0
0.5000000185095361 0.7094064733740102 -0.49673175560408167 1.0 0.8660253930979527 -0.4095760371791375 0.28678822897422107 0.0 2.1204246969386276e-09 -0.5735764337066885 -0.8191520461405908 3.0 0.0 0.0 0.0 1.0
0.4067366537552084 0.7483326311612951 -0.5239881369184123 1.0 0.9135454528878219 -0.3331791716886443 0.23329454571603972 0.0 -1.2201889498797414e-08 -0.5735764227128605 -0.8191520538385522 3.0 0.0 0.0 0.0 1.0
0.30901706525124506 0.7790599100031644 -0.5455035380356107 1.0 0.9510564932660454 -0.2531319799205063 0.17724487963835966 0.0 -1.0657013271853089e-08 -0.5735763744850249 -0.8191520876080425 3.0 0.0 0.0 0.0 1.0
0.20791170072231568 0.801251555411222 -0.5610424847138153 1.0 0.9781475986285267 -0.17031129895921793 0.11925324626218886 0.0 -2.5287500760029502e-08 -0.5735765043984293 -0.8191519966416965 3.0 0.0 0.0 0.0 1.0
0.10452850925949986 0.814664637689112 -0.5704343247481295 1.0 0.9945218905343343 -0.08562474724960234 0.05995508240720826 0.0 -9.392167044097732e-09 -0.5735764384607421 -0.8191520428117665 3.0 0.0 0.0 0.0 1.0
-8.039232568535226e-08 0.8191520331270514 -0.5735764522919431 1.0 0.9999999999999964 8.039232568535226e-08 -2.534760379369061e-08 0.0 2.534760379369061e-08 -0.5735764522919431 -0.8191520331270548 3.0 0.0 0.0 0.0 1.0
-0.10452850925949986 0.814664637689112 -0.5704343247481295 1.0 0.9945218905343343 0.08562474724960245 -0.05995508240720826 0.0 9.392167044097732e-09 -0.5735764384607421 -0.8191520428117665 3.0 0.0 0.0 0.0 1.0
-0.20791170753469745 0.8012515668946955 -0.561042465789179 1.0 0.9781475971805108 0.17031129427993874 -0.11925326482191426 0.0 3.19869652987137e-09 -0.573576489746126 -0.8191520069013518 3.0 0.0 0.0 0.0 1.0
-0.3090169142185877 0.7790599547505453 -0.5455035596867366 1.0 0.9510565423395295 0.2531318274822122 -0.17724483402540878 0.0 -3.941404702612061e-08 -0.5735763809812902 -0.8191520830593091 3.0 0.0 0.0 0.0 1.0
-0.4067366537552086 0.7483326311612951 -0.5239881369184123 1.0 0.9135454528878219 0.3331791716886443 -0.23329454571603972 0.0 1.2201889498797414e-08 -0.5735764227128605 -0.8191520538385522 3.0 0.0 0.0 0.0 1.0
-0.5000000185095361 0.7094064733740102 -0.49673175560408167 1.0 0.8660253930979527 0.4095760371791376 -0.28678822897422107 0.0 -2.1204246969386276e-09 -0.5735764337066885 -0.8191520461405908 3.0 0.0 0.0 0.0 1.0
-0.5877852874153673 0.6627079058966254 -0.4640330670977487 1.0 0.8090169688566702 0.48148551774615433 -0.33713979341318245 0.0 -4.924375462955766e-09 -0.5735764357632094 -0.8191520447005998 3.0 0.0 0.0 0.0 1.0
-0.6691305901250659 0.6087486128932222 -0.42625037203439353 1.0 0.7431448400943661 0.548119693567724 -0.383797535380757 0.0 6.0077469665742456e-09 -0.5735764359035352 -0.8191520446023421 3.0 0.0 0.0 0.0 1.0
-0.7431448414347941 0.5481197000372938 -0.38379752354578983 1.0 0.6691305886363693 0.6087486204191903 -0.4262503636231626 0.0 -8.471114087971188e-09 -0.5735764217336339 -0.8191520545242135 3.0 0.0 0.0 0.0 1.0
-0.8090170008639666 0.4814854879544423 -0.3371397591538947 1.0 0.587785243361105 0.6627079369798182 -0.4640330785093665 0.0 1.0296660746256237e-09 -0.5735764248582973 -0.8191520523363014 3.0 0.0 0.0 0.0 1.0
-0.866025377525095 0.40957606581758566 -0.2867882351002309 1.0 0.5000000454825144 0.7094064696970781 -0.4967317337048359 0.0 1.5553514032262683e-10 -0.5735764178043911 -0.8191520572754991 3.0 0.0 0.0 0.0 1.0
-0.9510565201968879 0.2531318995815624 -0.17724484986937483 1.0 0.30901698236664504 0.7790599098918563 -0.545503585147069 0.0 -1.968799373530672e-09 -0.5735764100915611 -0.8191520626760809 3.0 0.0 0.0 0.0 1.0
-0.9945219030434265 0.0856246642150741 -0.05995499349459872 1.0 0.10452839024341724 0.8146646286199085 -0.5704343595092308 0.0 -3.798053244477573e-08 -0.5735764637375232 -0.8191520251127726 3.0 0.0 0.0 0.0 1.0
-0.9945219030434265 -0.0856246642150741 0.05995499349459872 1.0 -0.10452839024341724 0.8146646286199085 -0.5704343595092308 0.0 3.798053244477573e-08 -0.5735764637375232 -0.8191520251127726 3.0 0.0 0.0 0.0 1.0
-0.9510565201968879 -0.2531318995815624 0.17724484986937483 1.0 -0.30901698236664504 0.7790599098918563 -0.545503585147069 0.0 1.968799373530672e-09 -0.5735764100915611 -0.8191520626760809 3.0 0.0 0.0 0.0 1.0
-0.866025377525095 -0.40957606581758566 0.2867882351002309 1.0 -0.5000000454825144 0.7094064696970781 -0.4967317337048359 0.0 -1.5553514032262683e-10 -0.5735764178043911 -0.8191520572754991 3.0 0.0 0.0 0.0 1.0
-0.7431448414347941 -0.5481197000372938 0.38379752354578983 1.0 -0.6691305886363693 0.6087486204191903 -0.4262503636231626 0.0 8.471114087971188e-09 -0.5735764217336339 -0.8191520545242135 3.0 0.0 0.0 0.0 1.0
-0.5877852874153673 -0.6627079058966254 0.4640330670977487 1.0 -0.8090169688566702 0.48148551774615433 -0.33713979341318245 0.0 4.924375462955766e-09 -0.5735764357632094 -0.8191520447005998 3.0 0.0 0.0 0.0 1.0
-0.4067366537552086 -0.7483326311612951 0.5239881369184123 1.0 -0.9135454528878219 0.3331791716886443 -0.23329454571603972 0.0 -1.2201889498797414e-08 -0.5735764227128605 -0.8191520538385522 3.0 0.0 0.0 0.0 1.0
-0.20791170753469745 -0.8012515668946955 0.561042465789179 1.0 -0.9781475971805108 0.17031129427993874 -0.11925326482191426 0.0 -3.19869652987137e-09 -0.573576489746126 -0.8191520069013518 3.0 0.0 0.0 0.0 1.0
-8.039232568535226e-08 -0.8191520331270514 0.5735764522919431 1.0 -0.9999999999999964 8.039232568535226e-08 -2.534760379369061e-08 0.0 -2.534760379369061e-08 -0.5735764522919431 -0.8191520331270548 3.0 0.0 0.0 0.0 1.0
