0.40673663058646925 -0.31245098133872956 0.8584519192125035 -0.8999999761581421 -0.9135454632032092 -0.13911213005244116 0.3822074069574092 -2.0 -4.3495161361484236e-09 -0.9396926090657186 -0.34202017552662345 1.5 0.0 0.0 0.0 1.0
0.4694715653231697 -0.3019858583373022 0.8296993375417964 -0.800000011920929 -0.8829475915098318 -0.16056872628854135 0.4411589677033243 -2.0 -3.6935537961468867e-09 -0.9396926228838653 -0.34202013756157923 1.5 0.0 0.0 0.0 1.0
0.5299192712881677 -0.2900495415581608 0.7969045296391017 -0.699999988079071 -0.848048091747996 -0.18124308012526047 0.4979612233791817 -2.0 6.962690146661288e-09 -0.939692614288635 -0.34202016117678036 1.5 0.0 0.0 0.0 1.0
0.5877852345881736 -0.2767000592580144 0.7602273312679158 -0.6000000238418579 -0.8090170072378737 -0.20103436011688602 0.5523374584909743 -2.0 7.589939621244213e-09 -0.9396926429737577 -0.34202008236504833 1.5 0.0 0.0 0.0 1.0
0.6427875956895651 -0.262002600330241 0.7198463337739662 -0.5 -0.7660444548638332 -0.2198463199980092 0.604022755163832 -2.0 3.493270450682928e-08 -0.9396926268751531 -0.3420201265956053 1.5 0.0 0.0 0.0 1.0
0.6946584089438586 -0.2460286676468147 0.675958275028511 -0.4000000059604645 -0.7193397631742504 -0.23758716556305326 0.6527653819529089 -2.0 1.3395076714495247e-08 -0.9396926271157218 -0.3420201259346478 1.5 0.0 0.0 0.0 1.0
0.7431447676050607 -0.2288561440790672 0.6287771621953852 -0.30000001192092896 -0.6691306706325879 -0.2541703684936667 0.6983276948529089 -2.0 -6.053205725553568e-08 -0.9396926567218962 -0.34202004459233315 1.5 0.0 0.0 0.0 1.0
0.7880107696811811 -0.2105686178405798 0.5785325263519593 -0.20000000298023224 -0.6156614547512876 -0.26951559790728674 0.7404878902576365 -2.0 2.8169324095550508e-08 -0.939692609136299 -0.3420201753327041 1.5 0.0 0.0 0.0 1.0
0.8290375596769789 -0.19125522264292072 0.5254694705276859 -0.10000000149011612 -0.5591929225632596 -0.28354752144275785 0.7790404857507917 -2.0 4.411846721286139e-09 -0.9396926321385498 -0.34202011213454164 1.5 0.0 0.0 0.0 1.0
0.8660253707992437 -0.1710100514551718 0.4698463785465755 0.0 -0.5000000571320292 -0.29619805889582085 0.8137976731192558 -2.0 3.350503707810759e-09 -0.9396926477352301 -0.34202006928300666 1.5 0.0 0.0 0.0 1.0
0.8910065311253537 -0.15527390130168497 0.4266115060174993 0.10000000149011612 -0.4539904861249453 -0.30474217993201447 0.8372722629338198 -2.0 -1.0389571952762466e-08 -0.9396926196075173 -0.3420201465632713 1.5 0.0 0.0 0.0 1.0
0.9135454460028107 -0.13911214034303643 0.382207444324028 0.20000000298023224 -0.40673666921919527 -0.312450904415815 0.8584519289058732 -2.0 -2.3558204415019546e-08 -0.9396926331194253 -0.34202010943960715 1.5 0.0 0.0 0.0 1.0
0.9335804058739949 -0.12256905949029999 0.3367557741506599 0.30000001192092896 -0.35836800327058604 -0.31930322846318293 0.8772786458844426 -2.0 -1.2647055847025968e-08 -0.9396926486615991 -0.3420200667378277 1.5 0.0 0.0 0.0 1.0
0.951056499989849 -0.10569007760788907 0.29038102782774344 0.4000000059604645 -0.30901704455751033 -0.3252805510981449 0.893700749272501 -2.0 -7.885851971423108e-10 -0.9396925936563117 -0.3420202178636147 1.5 0.0 0.0 0.0 1.0
0.9659258292675424 -0.08852133748528747 0.2432103311202597 0.5 -0.25881903398670375 -0.330366154887177 0.9076733505789687 -2.0 2.9280347174642785e-09 -0.9396925968181711 -0.3420202091764788 1.5 0.0 0.0 0.0 1.0
0.9781476083089118 -0.07110998231644208 0.19537304515851467 0.6000000238418579 -0.20791165517968332 -0.3345462850594989 0.9191580532168193 -2.0 1.3548279415021014e-08 -0.9396925846083091 -0.34202024272278964 1.5 0.0 0.0 0.0 1.0
0.9876883467383794 -0.05350372466771185 0.1470002760673894 0.699999988079071 -0.15643442625332427 -0.3378092108835531 0.9281234871098909 -2.0 -1.6253974874369526e-08 -0.9396926563983099 -0.34202004548138243 1.5 0.0 0.0 0.0 1.0
0.9945218912966658 -0.03575083928244412 0.09822466707657386 0.800000011920929 -0.1045285020064041 -0.3401464752804433 0.9345448986659698 -2.0 9.817256493849236e-09 -0.9396926374325231 -0.3420200975894667 1.5 0.0 0.0 0.0 1.0
0.9986295362311378 -0.017899935610376467 0.049179687594848864 0.8999999761581421 -0.052335928068417345 -0.3415513198757807 0.9384048414859814 -2.0 9.70034590846991e-10 -0.9396926562425911 -0.34202004590921775 1.5 0.0 0.0 0.0 1.0
1.0 0.0 0.0 1.0 0.0 -0.3420202274252553 0.9396925901761578 -2.0 0.0 -0.9396925901761578 -0.3420202274252553 1.5 0.0 0.0 0.0 1.0
1.0 0.0 0.0 1.0 0.0 -0.40673660255265887 0.9135454756846647 -1.9500000476837158 0.0 -0.9135454756846647 -0.40673660255265887 1.5 0.0 0.0 0.0 1.0
1.0 0.0 0.0 1.0 0.0 -0.4694715681831003 0.8829475899891802 -1.899999976158142 0.0 -0.8829475899891802 -0.4694715681831003 1.5 0.0 0.0 0.0 1.0
1.0 0.0 0.0 1.0 0.0 -0.5299192960075612 0.8480480763016041 -1.850000023841858 0.0 -0.8480480763016041 -0.5299192960075612 1.5 0.0 0.0 0.0 1.0
1.0 0.0 0.0 1.0 0.0 -0.5877852712008018 0.8090169806372417 -1.7999999523162842 0.0 -0.8090169806372417 -0.5877852712008018 1.5 0.0 0.0 0.0 1.0
1.0 0.0 0.0 1.0 0.0 -0.6427874960524194 0.7660445384693119 -1.75 0.0 -0.7660445384693119 -0.6427874960524194 1.5 0.0 0.0 0.0 1.0
1.0 0.0 0.0 1.0 0.0 -0.6946584213252904 0.7193397512176398 -1.7000000476837158 0.0 -0.7193397512176398 -0.6946584213252904 1.5 0.0 0.0 0.0 1.0
1.0 0.0 0.0 1.0 0.0 -0.7431449521438351 0.6691304656814971 -1.649999976158142 0.0 -0.6691304656814971 -0.7431449521438351 1.5 0.0 0.0 0.0 1.0
1.0 0.0 0.0 1.0 0.0 -0.788010657910992 0.6156615978105875 -1.600000023841858 0.0 -0.6156615978105875 -0.788010657910992 1.5 0.0 0.0 0.0 1.0
1.0 0.0 0.0 1.0 0.0 -0.8290374835651937 0.5591930354035998 -1.5499999523162842 0.0 -0.5591930354035998 -0.8290374835651937 1.5 0.0 0.0 0.0 1.0
1.0 0.0 0.0 1.0 0.0 -0.8660253441153971 0.5000001033497977 -1.5 0.0 -0.5000001033497977 -0.8660253441153971 1.5 0.0 0.0 0.0 1.0
