0.6202355231773032 0.2682859737701909 -0.7371095794162206 3.0 0.7844156396891732 -0.21213312065274992 0.5828307158456492 -1.3333333730697632 -4.920077123493627e-08 -0.9396925962251204 -0.3420202108058694 1.5 0.0 0.0 0.0 1.0
0.36920618816374695 0.31785555720081743 -0.8733009992998715 3.0 0.9293475079977325 -0.12627597674808677 0.34694032206522446 -0.6666666865348816 -2.7296198246151704e-08 -0.9396926212612691 -0.3420201420196256 1.5 0.0 0.0 0.0 1.0
0.08715570036153264 0.3407186703390964 -0.9361168044516932 3.0 0.9961947018000487 -0.029808950274806678 0.08189958845456424 0.0 5.9604247149014356e-08 -0.9396926168518475 -0.34202015413440834 1.5 0.0 0.0 0.0 1.0
-0.2022175348446842 0.33495424571822763 -0.9202791543204007 3.0 0.9793406295060666 0.06916246998855113 -0.19002232538242408 0.6666666865348816 -5.276319658964468e-09 -0.9396926125177403 -0.34202016604227303 1.5 0.0 0.0 0.0 1.0
-0.47460038559250517 0.30104661054987764 -0.8271187413375878 3.0 0.8802013826366355 0.1623229076750683 -0.4459784744227754 1.3333333730697632 1.0983278120324513e-08 -0.939692615657025 -0.3420201574171591 1.5 0.0 0.0 0.0 1.0
-0.7071067755034326 0.24184475519627116 -0.6644630331487177 3.0 0.7071067868696622 0.24184477495991563 -0.6644630138596503 2.0 1.779717084815502e-08 -0.9396926195350497 -0.3420201467623747 1.5 0.0 0.0 0.0 1.0
-0.8660253819969062 0.1710100752143524 -0.4698463492593029 2.1666667461395264 0.5000000377371114 0.29619814958044643 -0.8137976520290575 2.0 2.155498124434274e-08 -0.9396926148269451 -0.34202015969778543 1.5 0.0 0.0 0.0 1.0
-0.9659258262520645 0.08852132594782029 -0.24321034729572366 1.3333333730697632 0.25881904524062116 0.3303660633282076 -0.9076733806947057 2.0 -6.189861609384728e-09 -0.9396926300942572 -0.34202011775118946 1.5 0.0 0.0 0.0 1.0
-1.0 1.0031719513241337e-16 -7.024285685326076e-17 0.5 1.0031719513241339e-16 0.3420201356637701 -0.9396926235746114 2.0 -7.024285685326073e-17 -0.9396926235746114 -0.34202013566377 1.5 0.0 0.0 0.0 1.0
-0.9659258262520645 -0.08852132594782029 0.24321034729572366 -0.3333333432674408 -0.25881904524062116 0.3303660633282076 -0.9076733806947057 2.0 6.189861609384728e-09 -0.9396926300942572 -0.34202011775118946 1.5 0.0 0.0 0.0 1.0
-0.8660253819969062 -0.1710100752143524 0.4698463492593029 -1.1666666269302368 -0.5000000377371114 0.29619814958044643 -0.8137976520290575 2.0 -2.155498124434274e-08 -0.9396926148269451 -0.34202015969778543 1.5 0.0 0.0 0.0 1.0
-0.7071067755034326 -0.24184475519627116 0.6644630331487177 -2.0 -0.7071067868696622 0.24184477495991563 -0.6644630138596503 2.0 -1.779717084815502e-08 -0.9396926195350497 -0.3420201467623747 1.5 0.0 0.0 0.0 1.0
-0.561602111556232 -0.2829900251392809 0.7775086584516279 -2.0 -0.8274074379020173 0.19207925834449235 -0.5277333514363564 1.3333333730697632 -1.2081998290724982e-08 -0.9396926115414012 -0.3420201687247415 1.5 0.0 0.0 0.0 1.0
-0.3960798014701101 -0.31404838877249625 0.8628408893746267 -2.0 -0.9182160915968514 0.13546727649398704 -0.37219326449024287 0.6666666865348816 -1.0306093700673813e-08 -0.9396926234193288 -0.3420201360904047 1.5 0.0 0.0 0.0 1.0
-0.21643959604062624 -0.3339128922406041 0.917418160743118 -2.0 -0.9762960110877084 0.07402670912160825 -0.20338668852915204 0.0 -9.91820370277452e-09 -0.9396926235382184 -0.34202013576375956 1.5 0.0 0.0 0.0 1.0
-0.029084700911505834 -0.3418754662803348 0.939295079156967 -2.0 -0.9995769506010473 0.009947532033226847 -0.027330686664630066 -0.6666666865348816 2.3358665501849174e-08 -0.9396926157856367 -0.3420201570638026 1.5 0.0 0.0 0.0 1.0
0.15930683730996487 -0.3376523087745191 0.9276918938772362 -2.0 -0.9872291180806485 -0.054486193121206394 0.1496994427940987 -1.3333333730697632 3.720508634508235e-08 -0.9396925950215822 -0.34202021411256256 1.5 0.0 0.0 0.0 1.0
0.3420201541401975 -0.32139381352698076 0.8830222142100956 -2.0 -0.9396926168497419 -0.11697778620177779 0.32139381352698076 -2.0 4.1187314669954844e-10 -0.9396926168497419 -0.3420201541401977 1.5 0.0 0.0 0.0 1.0
0.7660444264361577 0.2198462983581808 -0.6040227990931335 0.1535000056028366 0.6427876295683497 -0.26200262227372506 0.719846295535091 0.2549999952316284 -1.3815277588591357e-08 -0.9396926258196865 -0.34202012949547633 1.0 0.0 0.0 0.0 1.0
0.7071067509419706 0.24184473696763736 -0.6644630659211573 0.1770000010728836 0.7071068114311225 -0.24184467826763933 0.664463022914995 0.20999999344348907 2.8603166724039397e-08 -0.9396926491117596 -0.34202006550102126 1.0 0.0 0.0 0.0 1.0
0.6427875956895651 0.262002600330241 -0.7198463337739662 0.2004999965429306 0.7660444548638332 -0.2198463199980092 0.604022755163832 0.16500000655651093 -3.493270450682928e-08 -0.9396926268751531 -0.3420201265956053 1.0 0.0 0.0 0.0 1.0
0.5735763979417245 0.2801664606734699 -0.7697511741062157 0.2240000069141388 0.8191520711834859 -0.1961745979284253 0.5389855391412893 0.11999999731779099 4.377017687184903e-08 -0.9396926526483657 -0.34202005578427186 1.0 0.0 0.0 0.0 1.0
0.499999993466967 0.2961981440937988 -0.813797681225759 0.2475000023841858 0.8660254075562868 -0.17101009454543892 0.46984629511205844 0.07500000298023224 -1.778573693878016e-08 -0.939692613038407 -0.34202016461175266 1.0 0.0 0.0 0.0 1.0
0.4226182526816109 0.30997551668158757 -0.8516507450582809 0.2709999978542328 0.9063077912609712 -0.14454390729033384 0.397131270948163 0.029999999329447746 4.4565124535100864e-08 -0.9396926294928711 -0.34202011940348154 1.0 0.0 0.0 0.0 1.0
0.3420201541401975 0.32139381352698076 -0.8830222142100956 0.2944999933242798 0.9396926168497419 -0.11697778620177779 0.32139381352698076 -0.014999999664723873 -4.1187314669954844e-10 -0.9396926168497419 -0.3420201541401977 1.0 0.0 0.0 0.0 1.0
0.25881905566089225 0.33036605589572643 -0.907673380428613 0.3179999887943268 0.965925823459961 -0.08852132268246171 0.2432103595732375 -0.05999999865889549 -9.540102596794497e-10 -0.9396926330148858 -0.3420201097268267 1.0 0.0 0.0 0.0 1.0
0.17364819292942824 0.3368240225618547 -0.9254165996553094 0.34150001406669617 0.9848077503210177 -0.059391177711794585 0.16317592628099897 -0.10499999672174454 -9.85235043549082e-09 -0.9396926443445522 -0.3420200785988192 1.0 0.0 0.0 0.0 1.0
0.08715570036153264 0.3407186703390964 -0.9361168044516932 0.36500000953674316 0.9961947018000487 -0.029808950274806678 0.08189958845456424 -0.15000000596046448 5.9604247149014356e-08 -0.9396926168518475 -0.34202015413440834 1.0 0.0 0.0 0.0 1.0
0.0 0.3420201980450275 -0.9396926008696888 0.38850000500679016 1.0 0.0 0.0 -0.19499999284744263 0.0 -0.9396926008696888 -0.3420201980450275 1.0 0.0 0.0 0.0 1.0
-0.0871557003615333 0.3407186703390964 -0.9361168044516932 0.41200000047683716 0.9961947018000487 0.029808950274806012 -0.08189958845456424 -0.23999999463558197 -5.9604247149014356e-08 -0.9396926168518475 -0.34202015413440834 1.0 0.0 0.0 0.0 1.0
-0.173648192929428 0.3368240225618547 -0.9254165996553094 0.43549999594688416 0.9848077503210177 0.059391177711794696 -0.16317592628099897 -0.2849999964237213 9.85235043549082e-09 -0.9396926443445522 -0.3420200785988192 1.0 0.0 0.0 0.0 1.0
-0.25881905566089225 0.33036605589572654 -0.907673380428613 0.45899999141693115 0.9659258234599611 0.08852132268246193 -0.2432103595732376 -0.33000001311302185 9.540103707017522e-10 -0.939692633014886 -0.34202010972682717 1.0 0.0 0.0 0.0 1.0
-0.3420201541401977 0.32139381352698076 -0.8830222142100956 0.48249998688697815 0.9396926168497419 0.11697778620177746 -0.32139381352698076 -0.375 4.1187314669954844e-10 -0.9396926168497419 -0.3420201541401977 1.0 0.0 0.0 0.0 1.0
-0.42261827335422897 0.3099755109414581 -0.8516507368890562 0.5059999823570251 0.9063077816211722 0.1445439703175213 -0.39713127000748416 -0.41999998688697815 1.0502387015609571e-08 -0.9396926216914921 -0.34202014083759824 1.0 0.0 0.0 0.0 1.0
-0.4999999934669672 0.2961981440937988 -0.813797681225759 0.5295000076293945 0.8660254075562868 0.1710100945454387 -0.46984629511205844 -0.4650000035762787 1.778573693878016e-08 -0.939692613038407 -0.34202016461175266 1.0 0.0 0.0 0.0 1.0
-0.5735764323962003 0.28016650699344625 -0.7697511315735355 0.5529999732971191 0.8191520470582045 0.1961746847547664 -0.5389855442047784 -0.5099999904632568 -1.1663751520174515e-08 -0.9396926207119323 -0.3420201435289165 1.0 0.0 0.0 0.0 1.0
-0.6427876075573904 0.26200261771534356 -0.7198463168489195 0.5764999985694885 0.7660444449055468 0.2198463143620233 -0.6040227698446372 -0.5550000071525574 1.2807344906828888e-08 -0.9396926233464551 -0.3420201362906259 1.0 0.0 0.0 0.0 1.0
-0.7071067755034326 0.24184475519627116 -0.6644630331487177 0.6000000238418579 0.7071067868696622 0.24184477495991563 -0.6644630138596503 -0.6000000238418579 1.779717084815502e-08 -0.9396926195350497 -0.3420201467623747 1.0 0.0 0.0 0.0 1.0
0.7660444264361577 0.2198462983581808 -0.6040227990931335 0.1535000056028366 0.6427876295683497 -0.26200262227372506 0.719846295535091 0.2549999952316284 -1.3815277588591357e-08 -0.9396926258196865 -0.34202012949547633 1.0 0.0 0.0 0.0 1.0
0.7071067509419706 0.24184473696763736 -0.6644630659211573 0.1770000010728836 0.7071068114311225 -0.24184467826763933 0.664463022914995 0.20999999344348907 2.8603166724039397e-08 -0.9396926491117596 -0.34202006550102126 1.0 0.0 0.0 0.0 1.0
0.6427875956895651 0.262002600330241 -0.7198463337739662 0.2004999965429306 0.7660444548638332 -0.2198463199980092 0.604022755163832 0.16500000655651093 -3.493270450682928e-08 -0.9396926268751531 -0.3420201265956053 1.0 0.0 0.0 0.0 1.0
0.5735763979417245 0.2801664606734699 -0.7697511741062157 0.2240000069141388 0.8191520711834859 -0.1961745979284253 0.5389855391412893 0.11999999731779099 4.377017687184903e-08 -0.9396926526483657 -0.34202005578427186 1.0 0.0 0.0 0.0 1.0
0.499999993466967 0.2961981440937988 -0.813797681225759 0.2475000023841858 0.8660254075562868 -0.17101009454543892 0.46984629511205844 0.07500000298023224 -1.778573693878016e-08 -0.939692613038407 -0.34202016461175266 1.0 0.0 0.0 0.0 1.0
0.4226182526816109 0.30997551668158757 -0.8516507450582809 0.2709999978542328 0.9063077912609712 -0.14454390729033384 0.397131270948163 0.029999999329447746 4.4565124535100864e-08 -0.9396926294928711 -0.34202011940348154 1.0 0.0 0.0 0.0 1.0
0.3420201541401975 0.32139381352698076 -0.8830222142100956 0.2944999933242798 0.9396926168497419 -0.11697778620177779 0.32139381352698076 -0.014999999664723873 -4.1187314669954844e-10 -0.9396926168497419 -0.3420201541401977 1.0 0.0 0.0 0.0 1.0
0.25881905566089225 0.33036605589572643 -0.907673380428613 0.3179999887943268 0.965925823459961 -0.08852132268246171 0.2432103595732375 -0.05999999865889549 -9.540102596794497e-10 -0.9396926330148858 -0.3420201097268267 1.0 0.0 0.0 0.0 1.0
0.17364819292942824 0.3368240225618547 -0.9254165996553094 0.34150001406669617 0.9848077503210177 -0.059391177711794585 0.16317592628099897 -0.10499999672174454 -9.85235043549082e-09 -0.9396926443445522 -0.3420200785988192 1.0 0.0 0.0 0.0 1.0
0.08715570036153264 0.3407186703390964 -0.9361168044516932 0.36500000953674316 0.9961947018000487 -0.029808950274806678 0.08189958845456424 -0.15000000596046448 5.9604247149014356e-08 -0.9396926168518475 -0.34202015413440834 1.0 0.0 0.0 0.0 1.0
0.0 0.3420201980450275 -0.9396926008696888 0.38850000500679016 1.0 0.0 0.0 -0.19499999284744263 0.0 -0.9396926008696888 -0.3420201980450275 1.0 0.0 0.0 0.0 1.0
-0.0871557003615333 0.3407186703390964 -0.9361168044516932 0.41200000047683716 0.9961947018000487 0.029808950274806012 -0.08189958845456424 -0.23999999463558197 -5.9604247149014356e-08 -0.9396926168518475 -0.34202015413440834 1.0 0.0 0.0 0.0 1.0
-0.173648192929428 0.3368240225618547 -0.9254165996553094 0.43549999594688416 0.9848077503210177 0.059391177711794696 -0.16317592628099897 -0.2849999964237213 9.85235043549082e-09 -0.9396926443445522 -0.3420200785988192 1.0 0.0 0.0 0.0 1.0
-0.25881905566089225 0.33036605589572654 -0.907673380428613 0.45899999141693115 0.9659258234599611 0.08852132268246193 -0.2432103595732376 -0.33000001311302185 9.540103707017522e-10 -0.939692633014886 -0.34202010972682717 1.0 0.0 0.0 0.0 1.0
-0.3420201541401977 0.32139381352698076 -0.8830222142100956 0.48249998688697815 0.9396926168497419 0.11697778620177746 -0.32139381352698076 -0.375 4.1187314669954844e-10 -0.9396926168497419 -0.3420201541401977 1.0 0.0 0.0 0.0 1.0
-0.42261827335422897 0.3099755109414581 -0.8516507368890562 0.5059999823570251 0.9063077816211722 0.1445439703175213 -0.39713127000748416 -0.41999998688697815 1.0502387015609571e-08 -0.9396926216914921 -0.34202014083759824 1.0 0.0 0.0 0.0 1.0
-0.4999999934669672 0.2961981440937988 -0.813797681225759 0.5295000076293945 0.8660254075562868 0.1710100945454387 -0.46984629511205844 -0.4650000035762787 1.778573693878016e-08 -0.939692613038407 -0.34202016461175266 1.0 0.0 0.0 0.0 1.0
-0.5735764323962003 0.28016650699344625 -0.7697511315735355 0.5529999732971191 0.8191520470582045 0.1961746847547664 -0.5389855442047784 -0.5099999904632568 -1.1663751520174515e-08 -0.9396926207119323 -0.3420201435289165 1.0 0.0 0.0 0.0 1.0
-0.6427876075573904 0.26200261771534356 -0.7198463168489195 0.5764999985694885 0.7660444449055468 0.2198463143620233 -0.6040227698446372 -0.5550000071525574 1.2807344906828888e-08 -0.9396926233464551 -0.3420201362906259 1.0 0.0 0.0 0.0 1.0
-0.7071067755034326 0.24184475519627116 -0.6644630331487177 0.6000000238418579 0.7071067868696622 0.24184477495991563 -0.6644630138596503 -0.6000000238418579 1.779717084815502e-08 -0.9396926195350497 -0.3420201467623747 1.0 0.0 0.0 0.0 1.0
