-0.6527597568517636 -0.25910247289937177 0.7118782258028801 -1.0 -0.7575649806022093 0.2232569620624979 -0.6133935352249795 0.8999999761581421 1.178608832752559e-08 -0.9396926292293957 -0.34202012012737626 1.0 0.0 0.0 0.0 1.0
-0.5948227630046881 -0.2749352787455234 0.7553783642073622 -1.0 -0.8038568781888156 0.2034414182683949 -0.558950542285698 0.800000011920929 -2.2595326165664176e-08 -0.9396925996484518 -0.3420202014003475 1.0 0.0 0.0 0.0 1.0
-0.533614516777406 -0.28925595060217607 0.7947241927396239 -1.0 -0.8457278211602213 0.18250692561213322 -0.5014336193547376 0.699999988079071 -1.0896148761041502e-08 -0.939692618436922 -0.3420201497794555 1.0 0.0 0.0 0.0 1.0
-0.4694715653231696 -0.3019858583373022 0.8296993375417964 -1.0 -0.8829475915098318 0.16056872628854135 -0.4411589677033243 0.6000000238418579 3.6935537961468867e-09 -0.9396926228838653 -0.34202013756157923 1.0 0.0 0.0 0.0 1.0
-0.4027466459421962 -0.31305493504753756 0.8601114734874156 -1.0 -0.9153114984431863 0.13774746366323787 -0.37845805193182774 0.5 -1.307480579360032e-08 -0.9396926326713044 -0.3420201106708096 1.0 0.0 0.0 0.0 1.0
-0.3338068235077185 -0.32240237998611326 0.8857932659255074 -1.0 -0.9426415037434361 0.11416866351789312 -0.31367580667123707 0.4000000059604645 -6.7089940825049155e-09 -0.9396926208339766 -0.34202014319360186 1.0 0.0 0.0 0.0 1.0
-0.26303122003560375 -0.329976676220572 0.9066035354205307 -1.0 -0.9647873223081767 0.08996195754058944 -0.24716850306801547 0.30000001192092896 1.234914792647146e-08 -0.939692630249854 -0.3420201173236903 1.0 0.0 0.0 0.0 1.0
-0.19080895739470893 -0.33573631095901363 0.9224278135884546 -1.0 -0.9816271908305829 0.06526056330098107 -0.1793017487357475 0.20000000298023224 -5.105023503926276e-08 -0.9396926031321473 -0.34202019182897114 1.0 0.0 0.0 0.0 1.0
-0.11753739153765874 -0.339649453343795 0.933179088082124 -1.0 -0.9930684576556252 0.04020012933492245 -0.1104490290176125 0.10000000149011612 3.2294638574459356e-08 -0.9396926084867949 -0.342020177117202 1.0 0.0 0.0 0.0 1.0
-0.043619343652574916 -0.3416945971820982 0.9387982504861638 -1.0 -0.9990482234903957 0.014918641388774523 -0.040988794563851405 0.0 5.521206297709469e-08 -0.939692628680079 -0.3420201216366081 1.0 0.0 0.0 0.0 1.0
0.030538527092673906 -0.34186061989329913 0.9392543398511286 -1.0 -0.9995335904125533 -0.010444804229657878 0.02869682389384387 -0.10000000149011612 1.3696283218678218e-08 -0.9396926213559269 -0.3420201417595554 1.0 0.0 0.0 0.0 1.0
0.10452842900413728 -0.34014656092391804 0.9345448756595685 -1.0 -0.994521898969513 -0.03575085657226551 0.09822458309620319 -0.20000000298023224 2.5671691827877652e-08 -0.939692605773814 -0.3420201845710553 1.0 0.0 0.0 0.0 1.0
0.17794358899274587 -0.33656173759932784 0.9246957747932569 -1.0 -0.9840406897767898 -0.06086030619374294 0.16721227225781976 -0.30000001192092896 1.509095448604114e-08 -0.9396926199104283 -0.34202014573102946 1.0 0.0 0.0 0.0 1.0
0.25038002074077914 -0.331126078663411 0.9097611583502778 -1.0 -0.9681476360627268 -0.08563500454633655 0.2352802600782794 -0.4000000059604645 -2.8975221721960764e-08 -0.9396925912368052 -0.34202022451115033 1.0 0.0 0.0 0.0 1.0
0.3214394718573753 -0.32386919535562964 0.8898232466235911 -1.0 -0.9469301272702497 -0.10993877464216983 0.3020542995855654 -0.5 -5.578570327902099e-09 -0.9396926147043377 -0.34202016003464575 1.0 0.0 0.0 0.0 1.0
0.39073117096373566 -0.31483118596001985 0.8649916048056857 -1.0 -0.9205048354230956 -0.1336380171250986 0.3671671667531997 -0.6000000238418579 8.834159825887866e-08 -0.9396926118289319 -0.34202016793474765 1.0 0.0 0.0 0.0 1.0
0.4578739255090545 -0.3040617362279582 0.8354028542571353 -1.0 -0.8890171361334541 -0.1566020671330257 0.43026076306204697 -0.699999988079071 -2.0781914966683246e-08 -0.9396926375851324 -0.3420200971701761 1.0 0.0 0.0 0.0 1.0
0.522498577589347 -0.29162009443910925 0.8012196683409825 -1.0 -0.8526401564652635 -0.17870504075894966 0.49098805687127767 -0.800000011920929 9.974470749352093e-09 -0.9396926247059019 -0.3420201325555745 1.0 0.0 0.0 0.0 1.0
0.5842496977070186 -0.2775746812791312 0.7626300459869426 -1.0 -0.8115739588782142 -0.19982520824335648 0.5490151140189512 -0.8999999761581421 1.2460745046904975e-08 -0.9396925999832542 -0.3420202004804862 1.0 0.0 0.0 0.0 1.0
0.6427875956895651 -0.262002600330241 0.7198463337739662 -1.0 -0.7660444548638332 -0.2198463199980092 0.604022755163832 -1.0 3.493270450682928e-08 -0.9396926268751531 -0.3420201265956053 1.0 0.0 0.0 0.0 1.0
0.6819983552620926 -0.250137699627461 0.6872476807126253 -0.8999999761581421 -0.7313537060956196 -0.2332572405334361 0.640868798053805 -1.0499999523162842 5.065783631463816e-08 -0.9396926045062868 -0.3420201880535543 1.0 0.0 0.0 0.0 1.0
0.7193398077490087 -0.2375871681548923 0.652765331888695 -0.800000011920929 -0.694658362785347 -0.24602869092372703 0.6759583139918754 -1.100000023841858 -2.1527117477493363e-08 -0.9396926203660942 -0.3420201444790987 1.0 0.0 0.0 0.0 1.0
0.7547095637922403 -0.22438542045483223 0.6164938421491608 -0.699999988079071 -0.6560590478916712 -0.2581258977062322 0.7091949990043817 -1.149999976158142 8.399054007846019e-09 -0.939692611453692 -0.3420201689657205 1.0 0.0 0.0 0.0 1.0
0.7880107696811811 -0.2105686178405798 0.5785325263519593 -0.6000000238418579 -0.6156614547512876 -0.26951559790728674 0.7404878902576365 -1.2000000476837158 2.8169324095550508e-08 -0.939692609136299 -0.3420201753327041 1.0 0.0 0.0 0.0 1.0
0.8191520491099127 -0.19617469155937456 0.5389855386099107 -0.5 -0.5735764294660568 -0.2801665503802844 0.7697511179653991 -1.25 3.0912852277964475e-08 -0.9396926063557147 -0.34202018297229664 1.0 0.0 0.0 0.0 1.0
0.8480480672005192 -0.181243079179614 0.49796126552871145 -0.4000000059604645 -0.5299193105723385 -0.29004958111469414 0.7969044891188206 -1.2999999523162842 3.305799342601112e-08 -0.939692602261337 -0.34202019422150554 1.0 0.0 0.0 0.0 1.0
0.8746197211533215 -0.16581466094132546 0.4555719938567333 -0.30000001192092896 -0.4848095949645449 -0.2991375651362278 0.821873696959991 -1.350000023841858 -1.1411454919896258e-08 -0.9396926174772698 -0.3420201524160784 1.0 0.0 0.0 0.0 1.0
0.8987940134983353 -0.14993176094796543 0.4119342039192623 -0.20000000298023224 -0.4383712140407422 -0.3074055983973507 0.8445901235359148 -1.399999976158142 -4.0448621396738105e-09 -0.9396926439708935 -0.34202007962543823 1.0 0.0 0.0 0.0 1.0
0.9205048388185755 -0.13363790058812977 0.3671672006565749 -0.10000000149011612 -0.3907311629644966 -0.31483117983102393 0.8649916106498474 -1.4500000476837158 2.010437327726322e-08 -0.9396926304556199 -0.34202011675835253 1.0 0.0 0.0 0.0 1.0
0.9396926436882128 -0.11697775520195505 0.32139374633954676 0.0 -0.3420200804020971 -0.32139374633954665 0.8830222672252236 -1.5 -2.2427178669737202e-08 -0.9396926436882128 -0.34202008040209697 1.0 0.0 0.0 0.0 1.0
0.9563047638292994 -0.09999701419856769 0.274739505402407 0.10000000149011612 -0.2923716789933454 -0.32707552673689366 0.8986325172907977 -1.5499999523162842 -1.4589662811204107e-10 -0.9396926076974083 -0.34202017928602535 1.0 0.0 0.0 0.0 1.0
0.9702957297348352 -0.0827421661342627 0.22733220361786344 0.20000000298023224 -0.2419218817270229 -0.3318607163473408 0.9117797256394148 -1.600000023841858 -1.5952652393513844e-09 -0.939692608723108 -0.3420201764679389 1.0 0.0 0.0 0.0 1.0
0.9816271829863302 -0.06526050680725626 0.1793018122428821 0.30000001192092896 -0.1908089977499009 -0.33573618684303885 0.9224278504152907 -1.649999976158142 -2.2747581179816123e-09 -0.9396926514001032 -0.3420200592138476 1.0 0.0 0.0 0.0 1.0
0.9902680595466923 -0.047600008943511594 0.13078000378577084 0.4000000059604645 -0.13917316638500585 -0.3386915667862611 0.9305476088552586 -1.7000000476837158 9.882642232339478e-09 -0.9396926421636201 -0.34202008459088273 1.0 0.0 0.0 0.0 1.0
0.9961946995076656 -0.029809020637607476 0.08189959072827308 0.5 -0.08715572656361609 -0.3407186078512521 0.9361168247559023 -1.75 -1.1211835758417887e-08 -0.9396926372769615 -0.34202009801686883 1.0 0.0 0.0 0.0 1.0
0.9993908264614546 -0.011936335068399343 0.032794814983858764 0.6000000238418579 -0.034899512671248294 -0.34181182879631034 0.9391201721346588 -1.7999999523162842 2.6405772499127345e-09 -0.9396926080373605 -0.3420201783520138 1.0 0.0 0.0 0.0 1.0
0.9998476953762611 0.005969063650942306 -0.016399888106647054 0.699999988079071 0.017452393840946743 -0.3419679610803352 0.9395495343747334 -1.850000023841858 -5.3238797467769494e-09 -0.939692653942601 -0.34202005222839005 1.0 0.0 0.0 0.0 1.0
0.9975640529538439 0.023858097833580012 -0.06554961038834563 0.800000011920929 0.06975643521783875 -0.3411869803596044 0.9374035866044006 -1.899999976158142 -7.153391615166704e-09 -0.9396926282571647 -0.34202012279855953 1.0 0.0 0.0 0.0 1.0
0.9925461583331233 0.04168176469944286 -0.11451966673763417 0.8999999761581421 0.12186928890478622 -0.3394707598214606 0.9326883078757241 -1.9500000476837158 1.6304872306471818e-08 -0.9396926272551999 -0.3420201255514348 1.0 0.0 0.0 0.0 1.0
0.9848077572189504 0.05939115742912332 -0.1631758920325238 1.0 0.17364815380930704 -0.33682401395269745 0.925416610129412 -2.0 4.645014872739495e-09 -0.9396926487123446 -0.34202006659840567 1.0 0.0 0.0 0.0 1.0
